2021-02-19

['Brute', 'NaiveBot', 'NiceBot', 'WesBot', 'DarwinianEmptySeat', 'Kind_Bot', 'bayes', 'bot']

Round: 1
Scores: [0, 0, 0, 0, 0, 0, 0, 0]
Copies: [64, 64, 64, 64, 64, 64, 64, 64]

Round: 2
Scores: [16272, 15242, 4838, 18423, 12882, 21998, 22844, 17030]
Copies: [64, 60, 20, 73, 51, 87, 90, 67]

Round: 3
Scores: [16676, 13790, 1380, 21198, 9351, 35029, 27888, 18390]
Copies: [60, 49, 5, 75, 34, 124, 99, 66]

Round: 4
Scores: [12420, 11079, 410, 21061, 5303, 44204, 29904, 19314]
Copies: [44, 40, 2, 75, 19, 157, 106, 69]

Round: 5
Scores: [12380, 9733, 138, 23606, 1640, 59325, 35985, 26398]
Copies: [38, 30, 1, 71, 5, 179, 108, 80]

Round: 6
Scores: [11856, 6648, 69, 20277, 801, 69696, 35639, 29964]
Copies: [35, 20, 1, 59, 3, 203, 104, 87]

Round: 7
Scores: [7488, 3968, 69, 16207, 783, 83381, 35494, 31937]
Copies: [21, 11, 1, 46, 3, 238, 101, 91]

Round: 8
Scores: [3442, 3370, 69, 12485, 171, 99476, 37391, 37564]
Copies: [9, 9, 1, 33, 1, 262, 98, 99]

Round: 9
Scores: [814, 1815, 69, 7634, 351, 108223, 36170, 40846]
Copies: [3, 5, 1, 20, 1, 282, 94, 106]

Round: 10
Scores: [839, 1152, 69, 5520, 141, 124277, 35790, 44190]
Copies: [2, 3, 1, 13, 1, 300, 86, 106]

Round: 11
Scores: [583, 870, 69, 3947, 12, 131161, 32705, 42638]
Copies: [2, 2, 1, 10, 1, 316, 78, 102]

Round: 12
Scores: [184, 869, 69, 2684, 12, 138391, 29885, 43015]
Copies: [1, 2, 1, 6, 0, 329, 71, 102]

Round: 13
Scores: [483, 856, 69, 2239, 0, 147290, 26686, 42477]
Copies: [2, 2, 1, 5, 0, 342, 62, 98]

Round: 14
Scores: [429, 89, 69, 449, 0, 152330, 23059, 40168]
Copies: [1, 1, 1, 1, 0, 360, 54, 94]

Round: 15
Scores: [500, 54, 69, 9, 0, 161891, 21235, 39114]
Copies: [1, 1, 1, 1, 0, 371, 48, 89]

Round: 16
Scores: [409, 442, 69, 393, 0, 164827, 18703, 36441]
Copies: [1, 1, 1, 1, 0, 381, 43, 84]

Round: 17
Scores: [11, 405, 69, 12, 0, 165825, 16147, 31576]
Copies: [1, 1, 1, 0, 0, 396, 38, 75]

Round: 18
Scores: [392, 55, 69, 0, 0, 179362, 14389, 32766]
Copies: [1, 1, 1, 0, 0, 404, 32, 73]

Round: 19
Scores: [14, 379, 69, 0, 0, 177981, 12060, 29339]
Copies: [1, 1, 0, 0, 0, 414, 28, 68]

Round: 20
Scores: [458, 46, 0, 0, 0, 184885, 10295, 27987]
Copies: [1, 1, 0, 0, 0, 423, 23, 64]

Round: 21
Scores: [479, 452, 0, 0, 0, 186243, 8469, 25912]
Copies: [2, 2, 0, 0, 0, 430, 19, 59]

Round: 22
Scores: [901, 958, 0, 0, 0, 192183, 7110, 25666]
Copies: [3, 3, 0, 0, 0, 433, 16, 57]

Round: 23
Scores: [436, 950, 0, 0, 0, 192434, 6075, 22597]
Copies: [1, 3, 0, 0, 0, 442, 14, 52]

Round: 24
Scores: [11, 1036, 0, 0, 0, 196881, 5291, 21887]
Copies: [1, 3, 0, 0, 0, 447, 12, 49]

Round: 25
Scores: [490, 1345, 0, 0, 0, 198408, 4643, 20222]
Copies: [2, 3, 0, 0, 0, 451, 11, 45]

Round: 26
Scores: [416, 958, 0, 0, 0, 201408, 4082, 18793]
Copies: [1, 3, 0, 0, 0, 456, 10, 42]

Round: 27
Scores: [399, 938, 0, 0, 0, 202057, 3512, 18129]
Copies: [1, 3, 0, 0, 0, 459, 8, 41]

Round: 28
Scores: [11, 1390, 0, 0, 0, 204187, 3156, 16751]
Copies: [1, 3, 0, 0, 0, 463, 7, 38]

Round: 29
Scores: [11, 1048, 0, 0, 0, 206419, 2723, 15482]
Copies: [1, 2, 0, 0, 0, 468, 6, 35]

Round: 30
Scores: [444, 445, 0, 0, 0, 206890, 2356, 14026]
Copies: [1, 1, 0, 0, 0, 472, 6, 32]

Round: 31
Scores: [493, 46, 0, 0, 0, 210181, 2249, 12815]
Copies: [1, 1, 0, 0, 0, 476, 5, 29]

Round: 32
Scores: [395, 483, 0, 0, 0, 214451, 1947, 12487]
Copies: [1, 2, 0, 0, 0, 477, 5, 27]

Round: 33
Scores: [427, 827, 0, 0, 0, 212825, 1996, 11917]
Copies: [1, 2, 0, 0, 0, 477, 5, 27]

Round: 34
Scores: [418, 543, 0, 0, 0, 211503, 1944, 10406]
Copies: [1, 2, 0, 0, 0, 481, 5, 23]

Round: 35
Scores: [392, 285, 0, 0, 0, 212573, 1889, 8780]
Copies: [1, 1, 0, 0, 0, 486, 4, 20]

Round: 36
Scores: [451, 118, 0, 0, 0, 217385, 1581, 7637]
Copies: [1, 1, 0, 0, 0, 489, 4, 17]

Round: 37
Scores: [437, 421, 0, 0, 0, 217782, 1482, 7532]
Copies: [1, 1, 0, 0, 0, 489, 4, 17]

Round: 38
Scores: [406, 462, 0, 0, 0, 216292, 1426, 6157]
Copies: [1, 1, 0, 0, 0, 492, 4, 14]

Round: 39
Scores: [423, 458, 0, 0, 0, 220396, 1443, 5537]
Copies: [1, 1, 0, 0, 0, 494, 4, 12]

Round: 40
Scores: [464, 415, 0, 0, 0, 222693, 1612, 5416]
Copies: [1, 1, 0, 0, 0, 494, 4, 12]

Round: 41
Scores: [11, 428, 0, 0, 0, 221349, 1486, 4873]
Copies: [1, 1, 0, 0, 0, 496, 4, 10]

Round: 42
Scores: [392, 145, 0, 0, 0, 222914, 1558, 3875]
Copies: [1, 1, 0, 0, 0, 498, 4, 8]

Round: 43
Scores: [423, 469, 0, 0, 0, 222077, 1468, 3615]
Copies: [1, 1, 0, 0, 0, 498, 4, 8]

Round: 44
Scores: [126, 435, 0, 0, 0, 220233, 1448, 2640]
Copies: [1, 1, 0, 0, 0, 501, 3, 6]

Round: 45
Scores: [11, 414, 0, 0, 0, 224896, 1127, 2242]
Copies: [1, 1, 0, 0, 0, 503, 2, 5]

Round: 46
Scores: [437, 88, 0, 0, 0, 222305, 749, 1786]
Copies: [1, 1, 0, 0, 0, 505, 1, 4]

Round: 47
Scores: [14, 462, 0, 0, 0, 227386, 402, 1912]
Copies: [1, 1, 0, 0, 0, 505, 1, 4]

Round: 48
Scores: [486, 442, 0, 0, 0, 226073, 388, 1810]
Copies: [1, 1, 0, 0, 0, 505, 1, 4]

Round: 49
Scores: [11, 147, 0, 0, 0, 223699, 381, 876]
Copies: [1, 1, 0, 0, 0, 508, 1, 1]

Round: 50
Scores: [11, 460, 0, 0, 0, 226025, 351, 409]
Copies: [1, 1, 0, 0, 0, 509, 1, 0]

Round: 51
Scores: [437, 141, 0, 0, 0, 226357, 370, 0]
Copies: [1, 1, 0, 0, 0, 509, 1, 0]

Round: 52
Scores: [483, 455, 0, 0, 0, 227827, 334, 0]
Copies: [1, 1, 0, 0, 0, 509, 1, 0]

Round: 53
Scores: [388, 408, 0, 0, 0, 228960, 408, 0]
Copies: [1, 1, 0, 0, 0, 509, 1, 0]

Round: 54
Scores: [490, 392, 0, 0, 0, 227465, 379, 0]
Copies: [1, 1, 0, 0, 0, 509, 1, 0]

Round: 55
Scores: [437, 397, 0, 0, 0, 226500, 396, 0]
Copies: [1, 1, 0, 0, 0, 509, 1, 0]

Round: 56
Scores: [11, 458, 0, 0, 0, 228394, 406, 0]
Copies: [1, 1, 0, 0, 0, 510, 0, 0]

Round: 57
Scores: [11, 472, 0, 0, 0, 228515, 0, 0]
Copies: [1, 1, 0, 0, 0, 510, 0, 0]

Round: 58
Scores: [136, 441, 0, 0, 0, 228051, 0, 0]
Copies: [1, 1, 0, 0, 0, 510, 0, 0]

Round: 59
Scores: [11, 446, 0, 0, 0, 228234, 0, 0]
Copies: [1, 1, 0, 0, 0, 510, 0, 0]

Round: 60
Scores: [11, 439, 0, 0, 0, 227371, 0, 0]
Copies: [1, 1, 0, 0, 0, 510, 0, 0]

Round: 61
Scores: [11, 469, 0, 0, 0, 229426, 0, 0]
Copies: [1, 1, 0, 0, 0, 510, 0, 0]

Round: 62
Scores: [455, 474, 0, 0, 0, 228802, 0, 0]
Copies: [1, 2, 0, 0, 0, 509, 0, 0]

Round: 63
Scores: [465, 828, 0, 0, 0, 228627, 0, 0]
Copies: [1, 2, 0, 0, 0, 509, 0, 0]

Round: 64
Scores: [11, 936, 0, 0, 0, 225992, 0, 0]
Copies: [1, 2, 0, 0, 0, 509, 0, 0]

Round: 65
Scores: [485, 883, 0, 0, 0, 226585, 0, 0]
Copies: [2, 2, 0, 0, 0, 508, 0, 0]

Round: 66
Scores: [31, 533, 0, 0, 0, 225220, 0, 0]
Copies: [1, 1, 0, 0, 0, 510, 0, 0]

Round: 67
Scores: [20, 399, 0, 0, 0, 226770, 0, 0]
Copies: [1, 0, 0, 0, 0, 511, 0, 0]

Round: 68
Scores: [462, 0, 0, 0, 0, 231095, 0, 0]
Copies: [2, 0, 0, 0, 0, 510, 0, 0]

Round: 69
Scores: [487, 0, 0, 0, 0, 227901, 0, 0]
Copies: [2, 0, 0, 0, 0, 510, 0, 0]

Round: 70
Scores: [916, 0, 0, 0, 0, 229075, 0, 0]
Copies: [3, 0, 0, 0, 0, 509, 0, 0]

Round: 71
Scores: [518, 0, 0, 0, 0, 226418, 0, 0]
Copies: [2, 0, 0, 0, 0, 510, 0, 0]

Round: 72
Scores: [990, 0, 0, 0, 0, 226628, 0, 0]
Copies: [3, 0, 0, 0, 0, 509, 0, 0]

Round: 73
Scores: [812, 0, 0, 0, 0, 226055, 0, 0]
Copies: [2, 0, 0, 0, 0, 510, 0, 0]

Round: 74
Scores: [843, 0, 0, 0, 0, 227532, 0, 0]
Copies: [2, 0, 0, 0, 0, 510, 0, 0]

Round: 75
Scores: [402, 0, 0, 0, 0, 228105, 0, 0]
Copies: [1, 0, 0, 0, 0, 511, 0, 0]

Round: 76
Scores: [20, 0, 0, 0, 0, 230099, 0, 0]
Copies: [1, 0, 0, 0, 0, 511, 0, 0]

Round: 77
Scores: [500, 0, 0, 0, 0, 228973, 0, 0]
Copies: [2, 0, 0, 0, 0, 510, 0, 0]

Round: 78
Scores: [801, 0, 0, 0, 0, 228634, 0, 0]
Copies: [2, 0, 0, 0, 0, 510, 0, 0]

Round: 79
Scores: [454, 0, 0, 0, 0, 228779, 0, 0]
Copies: [2, 0, 0, 0, 0, 510, 0, 0]

Round: 80
Scores: [867, 0, 0, 0, 0, 227453, 0, 0]
Copies: [2, 0, 0, 0, 0, 510, 0, 0]

Round: 81
Scores: [504, 0, 0, 0, 0, 226335, 0, 0]
Copies: [2, 0, 0, 0, 0, 510, 0, 0]

Round: 82
Scores: [406, 0, 0, 0, 0, 226336, 0, 0]
Copies: [1, 0, 0, 0, 0, 511, 0, 0]

Round: 83
Scores: [504, 0, 0, 0, 0, 229846, 0, 0]
Copies: [2, 0, 0, 0, 0, 510, 0, 0]

Round: 84
Scores: [508, 0, 0, 0, 0, 227451, 0, 0]
Copies: [2, 0, 0, 0, 0, 510, 0, 0]

Round: 85
Scores: [426, 0, 0, 0, 0, 228776, 0, 0]
Copies: [1, 0, 0, 0, 0, 511, 0, 0]

Round: 86
Scores: [11, 0, 0, 0, 0, 228941, 0, 0]
Copies: [1, 0, 0, 0, 0, 511, 0, 0]

Round: 87
Scores: [11, 0, 0, 0, 0, 229406, 0, 0]
Copies: [1, 0, 0, 0, 0, 511, 0, 0]

Round: 88
Scores: [11, 0, 0, 0, 0, 228847, 0, 0]
Copies: [1, 0, 0, 0, 0, 511, 0, 0]

Round: 89
Scores: [20, 0, 0, 0, 0, 227179, 0, 0]
Copies: [1, 0, 0, 0, 0, 511, 0, 0]

Round: 90
Scores: [11, 0, 0, 0, 0, 226626, 0, 0]
Copies: [1, 0, 0, 0, 0, 511, 0, 0]

Round: 91
Scores: [11, 0, 0, 0, 0, 229381, 0, 0]
Copies: [1, 0, 0, 0, 0, 511, 0, 0]

Round: 92
Scores: [20, 0, 0, 0, 0, 226601, 0, 0]
Copies: [1, 0, 0, 0, 0, 511, 0, 0]

Round: 93
Scores: [14, 0, 0, 0, 0, 227269, 0, 0]
Copies: [1, 0, 0, 0, 0, 511, 0, 0]

Round: 94
Scores: [482, 0, 0, 0, 0, 229687, 0, 0]
Copies: [2, 0, 0, 0, 0, 510, 0, 0]

Round: 95
Scores: [892, 0, 0, 0, 0, 227548, 0, 0]
Copies: [2, 0, 0, 0, 0, 510, 0, 0]

Round: 96
Scores: [888, 0, 0, 0, 0, 225781, 0, 0]
Copies: [3, 0, 0, 0, 0, 509, 0, 0]

Round: 97
Scores: [1425, 0, 0, 0, 0, 226465, 0, 0]
Copies: [4, 0, 0, 0, 0, 508, 0, 0]

Round: 98
Scores: [1744, 0, 0, 0, 0, 227327, 0, 0]
Copies: [4, 0, 0, 0, 0, 508, 0, 0]

Round: 99
Scores: [1795, 0, 0, 0, 0, 227839, 0, 0]
Copies: [4, 0, 0, 0, 0, 508, 0, 0]

Round: 100
Scores: [1416, 0, 0, 0, 0, 225710, 0, 0]
Copies: [4, 0, 0, 0, 0, 508, 0, 0]

Round: 101
Scores: [1472, 0, 0, 0, 0, 228702, 0, 0]
Copies: [4, 0, 0, 0, 0, 508, 0, 0]

Round: 102
Scores: [997, 0, 0, 0, 0, 224875, 0, 0]
Copies: [3, 0, 0, 0, 0, 509, 0, 0]

Round: 103
Scores: [885, 0, 0, 0, 0, 227388, 0, 0]
Copies: [2, 0, 0, 0, 0, 510, 0, 0]

Round: 104
Scores: [781, 0, 0, 0, 0, 227739, 0, 0]
Copies: [2, 0, 0, 0, 0, 510, 0, 0]

Round: 105
Scores: [419, 0, 0, 0, 0, 226545, 0, 0]
Copies: [1, 0, 0, 0, 0, 511, 0, 0]

Round: 106
Scores: [408, 0, 0, 0, 0, 230201, 0, 0]
Copies: [1, 0, 0, 0, 0, 511, 0, 0]

Round: 107
Scores: [420, 0, 0, 0, 0, 228648, 0, 0]
Copies: [1, 0, 0, 0, 0, 511, 0, 0]

Round: 108
Scores: [11, 0, 0, 0, 0, 228182, 0, 0]
Copies: [1, 0, 0, 0, 0, 511, 0, 0]

Round: 109
Scores: [402, 0, 0, 0, 0, 229787, 0, 0]
Copies: [1, 0, 0, 0, 0, 511, 0, 0]

Round: 110
Scores: [11, 0, 0, 0, 0, 229540, 0, 0]
Copies: [1, 0, 0, 0, 0, 511, 0, 0]

Round: 111
Scores: [430, 0, 0, 0, 0, 228423, 0, 0]
Copies: [1, 0, 0, 0, 0, 511, 0, 0]

Round: 112
Scores: [420, 0, 0, 0, 0, 230294, 0, 0]
Copies: [1, 0, 0, 0, 0, 511, 0, 0]

Round: 113
Scores: [11, 0, 0, 0, 0, 228819, 0, 0]
Copies: [1, 0, 0, 0, 0, 511, 0, 0]

Round: 114
Scores: [465, 0, 0, 0, 0, 226010, 0, 0]
Copies: [2, 0, 0, 0, 0, 510, 0, 0]

Round: 115
Scores: [537, 0, 0, 0, 0, 227297, 0, 0]
Copies: [2, 0, 0, 0, 0, 510, 0, 0]

Round: 116
Scores: [504, 0, 0, 0, 0, 226409, 0, 0]
Copies: [2, 0, 0, 0, 0, 510, 0, 0]

Round: 117
Scores: [864, 0, 0, 0, 0, 229366, 0, 0]
Copies: [2, 0, 0, 0, 0, 510, 0, 0]

Round: 118
Scores: [571, 0, 0, 0, 0, 227899, 0, 0]
Copies: [2, 0, 0, 0, 0, 510, 0, 0]

Round: 119
Scores: [504, 0, 0, 0, 0, 229157, 0, 0]
Copies: [2, 0, 0, 0, 0, 510, 0, 0]

Round: 120
Scores: [473, 0, 0, 0, 0, 227683, 0, 0]
Copies: [2, 0, 0, 0, 0, 510, 0, 0]

Round: 121
Scores: [611, 0, 0, 0, 0, 227531, 0, 0]
Copies: [2, 0, 0, 0, 0, 510, 0, 0]

Round: 122
Scores: [824, 0, 0, 0, 0, 227345, 0, 0]
Copies: [2, 0, 0, 0, 0, 510, 0, 0]

Round: 123
Scores: [815, 0, 0, 0, 0, 228507, 0, 0]
Copies: [2, 0, 0, 0, 0, 510, 0, 0]

Round: 124
Scores: [403, 0, 0, 0, 0, 226637, 0, 0]
Copies: [1, 0, 0, 0, 0, 511, 0, 0]

Round: 125
Scores: [416, 0, 0, 0, 0, 227156, 0, 0]
Copies: [1, 0, 0, 0, 0, 511, 0, 0]

Round: 126
Scores: [399, 0, 0, 0, 0, 228035, 0, 0]
Copies: [1, 0, 0, 0, 0, 511, 0, 0]

Round: 127
Scores: [458, 0, 0, 0, 0, 227919, 0, 0]
Copies: [2, 0, 0, 0, 0, 510, 0, 0]

Round: 128
Scores: [476, 0, 0, 0, 0, 230277, 0, 0]
Copies: [2, 0, 0, 0, 0, 510, 0, 0]

Round: 129
Scores: [894, 0, 0, 0, 0, 228312, 0, 0]
Copies: [2, 0, 0, 0, 0, 510, 0, 0]

Round: 130
Scores: [878, 0, 0, 0, 0, 228898, 0, 0]
Copies: [2, 0, 0, 0, 0, 510, 0, 0]

Round: 131
Scores: [863, 0, 0, 0, 0, 227219, 0, 0]
Copies: [2, 0, 0, 0, 0, 510, 0, 0]

Round: 132
Scores: [497, 0, 0, 0, 0, 227112, 0, 0]
Copies: [2, 0, 0, 0, 0, 510, 0, 0]

Round: 133
Scores: [469, 0, 0, 0, 0, 226969, 0, 0]
Copies: [2, 0, 0, 0, 0, 510, 0, 0]

Round: 134
Scores: [462, 0, 0, 0, 0, 226266, 0, 0]
Copies: [2, 0, 0, 0, 0, 510, 0, 0]

Round: 135
Scores: [22, 0, 0, 0, 0, 225936, 0, 0]
Copies: [1, 0, 0, 0, 0, 511, 0, 0]

Round: 136
Scores: [423, 0, 0, 0, 0, 227012, 0, 0]
Copies: [1, 0, 0, 0, 0, 511, 0, 0]

Round: 137
Scores: [416, 0, 0, 0, 0, 228050, 0, 0]
Copies: [1, 0, 0, 0, 0, 511, 0, 0]

Round: 138
Scores: [20, 0, 0, 0, 0, 228330, 0, 0]
Copies: [1, 0, 0, 0, 0, 511, 0, 0]

Round: 139
Scores: [14, 0, 0, 0, 0, 230044, 0, 0]
Copies: [1, 0, 0, 0, 0, 511, 0, 0]

Round: 140
Scores: [11, 0, 0, 0, 0, 228921, 0, 0]
Copies: [1, 0, 0, 0, 0, 511, 0, 0]

Round: 141
Scores: [455, 0, 0, 0, 0, 229537, 0, 0]
Copies: [2, 0, 0, 0, 0, 510, 0, 0]

Round: 142
Scores: [22, 0, 0, 0, 0, 226059, 0, 0]
Copies: [1, 0, 0, 0, 0, 511, 0, 0]

Round: 143
Scores: [20, 0, 0, 0, 0, 227397, 0, 0]
Copies: [1, 0, 0, 0, 0, 511, 0, 0]

Round: 144
Scores: [395, 0, 0, 0, 0, 227059, 0, 0]
Copies: [1, 0, 0, 0, 0, 511, 0, 0]

Round: 145
Scores: [163, 0, 0, 0, 0, 227101, 0, 0]
Copies: [1, 0, 0, 0, 0, 511, 0, 0]

Round: 146
Scores: [430, 0, 0, 0, 0, 230074, 0, 0]
Copies: [1, 0, 0, 0, 0, 511, 0, 0]

Round: 147
Scores: [395, 0, 0, 0, 0, 227920, 0, 0]
Copies: [1, 0, 0, 0, 0, 511, 0, 0]

Round: 148
Scores: [437, 0, 0, 0, 0, 228906, 0, 0]
Copies: [1, 0, 0, 0, 0, 511, 0, 0]

Round: 149
Scores: [11, 0, 0, 0, 0, 226620, 0, 0]
Copies: [1, 0, 0, 0, 0, 511, 0, 0]

Round: 150
Scores: [434, 0, 0, 0, 0, 229783, 0, 0]
Copies: [1, 0, 0, 0, 0, 511, 0, 0]

Round: 151
Scores: [11, 0, 0, 0, 0, 229231, 0, 0]
Copies: [1, 0, 0, 0, 0, 511, 0, 0]

Round: 152
Scores: [402, 0, 0, 0, 0, 228456, 0, 0]
Copies: [1, 0, 0, 0, 0, 511, 0, 0]

Round: 153
Scores: [413, 0, 0, 0, 0, 227992, 0, 0]
Copies: [1, 0, 0, 0, 0, 511, 0, 0]

Round: 154
Scores: [481, 0, 0, 0, 0, 229158, 0, 0]
Copies: [2, 0, 0, 0, 0, 510, 0, 0]

Round: 155
Scores: [574, 0, 0, 0, 0, 226811, 0, 0]
Copies: [2, 0, 0, 0, 0, 510, 0, 0]

Round: 156
Scores: [909, 0, 0, 0, 0, 227396, 0, 0]
Copies: [3, 0, 0, 0, 0, 509, 0, 0]

Round: 157
Scores: [959, 0, 0, 0, 0, 228694, 0, 0]
Copies: [3, 0, 0, 0, 0, 509, 0, 0]

Round: 158
Scores: [174, 0, 0, 0, 0, 227614, 0, 0]
Copies: [1, 0, 0, 0, 0, 511, 0, 0]

Round: 159
Scores: [504, 0, 0, 0, 0, 227352, 0, 0]
Copies: [2, 0, 0, 0, 0, 510, 0, 0]

Round: 160
Scores: [946, 0, 0, 0, 0, 226215, 0, 0]
Copies: [3, 0, 0, 0, 0, 509, 0, 0]

Round: 161
Scores: [947, 0, 0, 0, 0, 227026, 0, 0]
Copies: [3, 0, 0, 0, 0, 509, 0, 0]

Round: 162
Scores: [442, 0, 0, 0, 0, 226176, 0, 0]
Copies: [1, 0, 0, 0, 0, 511, 0, 0]

Round: 163
Scores: [11, 0, 0, 0, 0, 229452, 0, 0]
Copies: [1, 0, 0, 0, 0, 511, 0, 0]

Round: 164
Scores: [11, 0, 0, 0, 0, 225970, 0, 0]
Copies: [1, 0, 0, 0, 0, 511, 0, 0]

Round: 165
Scores: [14, 0, 0, 0, 0, 227607, 0, 0]
Copies: [1, 0, 0, 0, 0, 511, 0, 0]

Round: 166
Scores: [429, 0, 0, 0, 0, 228500, 0, 0]
Copies: [1, 0, 0, 0, 0, 511, 0, 0]

Round: 167
Scores: [468, 0, 0, 0, 0, 229615, 0, 0]
Copies: [2, 0, 0, 0, 0, 510, 0, 0]

Round: 168
Scores: [508, 0, 0, 0, 0, 228119, 0, 0]
Copies: [2, 0, 0, 0, 0, 510, 0, 0]

Round: 169
Scores: [930, 0, 0, 0, 0, 228129, 0, 0]
Copies: [3, 0, 0, 0, 0, 509, 0, 0]

Round: 170
Scores: [840, 0, 0, 0, 0, 225516, 0, 0]
Copies: [2, 0, 0, 0, 0, 510, 0, 0]

Round: 171
Scores: [402, 0, 0, 0, 0, 228336, 0, 0]
Copies: [1, 0, 0, 0, 0, 511, 0, 0]

Round: 172
Scores: [20, 0, 0, 0, 0, 228552, 0, 0]
Copies: [1, 0, 0, 0, 0, 511, 0, 0]

Round: 173
Scores: [11, 0, 0, 0, 0, 229692, 0, 0]
Copies: [1, 0, 0, 0, 0, 511, 0, 0]

Round: 174
Scores: [11, 0, 0, 0, 0, 226408, 0, 0]
Copies: [1, 0, 0, 0, 0, 511, 0, 0]

Round: 175
Scores: [20, 0, 0, 0, 0, 227401, 0, 0]
Copies: [1, 0, 0, 0, 0, 511, 0, 0]

Round: 176
Scores: [148, 0, 0, 0, 0, 228349, 0, 0]
Copies: [1, 0, 0, 0, 0, 511, 0, 0]

Round: 177
Scores: [406, 0, 0, 0, 0, 227746, 0, 0]
Copies: [1, 0, 0, 0, 0, 511, 0, 0]

Round: 178
Scores: [11, 0, 0, 0, 0, 228234, 0, 0]
Copies: [1, 0, 0, 0, 0, 511, 0, 0]

Round: 179
Scores: [11, 0, 0, 0, 0, 228241, 0, 0]
Copies: [1, 0, 0, 0, 0, 511, 0, 0]

Round: 180
Scores: [429, 0, 0, 0, 0, 229870, 0, 0]
Copies: [1, 0, 0, 0, 0, 511, 0, 0]

Round: 181
Scores: [148, 0, 0, 0, 0, 228464, 0, 0]
Copies: [1, 0, 0, 0, 0, 511, 0, 0]

Round: 182
Scores: [11, 0, 0, 0, 0, 228259, 0, 0]
Copies: [1, 0, 0, 0, 0, 511, 0, 0]

Round: 183
Scores: [20, 0, 0, 0, 0, 229360, 0, 0]
Copies: [1, 0, 0, 0, 0, 511, 0, 0]

Round: 184
Scores: [474, 0, 0, 0, 0, 229896, 0, 0]
Copies: [2, 0, 0, 0, 0, 510, 0, 0]

Round: 185
Scores: [22, 0, 0, 0, 0, 227639, 0, 0]
Copies: [1, 0, 0, 0, 0, 511, 0, 0]

Round: 186
Scores: [479, 0, 0, 0, 0, 229805, 0, 0]
Copies: [2, 0, 0, 0, 0, 510, 0, 0]

Round: 187
Scores: [468, 0, 0, 0, 0, 227403, 0, 0]
Copies: [2, 0, 0, 0, 0, 510, 0, 0]

Round: 188
Scores: [420, 0, 0, 0, 0, 228145, 0, 0]
Copies: [1, 0, 0, 0, 0, 511, 0, 0]

Round: 189
Scores: [11, 0, 0, 0, 0, 226356, 0, 0]
Copies: [1, 0, 0, 0, 0, 511, 0, 0]

Round: 190
Scores: [11, 0, 0, 0, 0, 228243, 0, 0]
Copies: [1, 0, 0, 0, 0, 511, 0, 0]

Round: 191
Scores: [465, 0, 0, 0, 0, 229653, 0, 0]
Copies: [2, 0, 0, 0, 0, 510, 0, 0]

Round: 192
Scores: [825, 0, 0, 0, 0, 227587, 0, 0]
Copies: [2, 0, 0, 0, 0, 510, 0, 0]

Round: 193
Scores: [494, 0, 0, 0, 0, 227717, 0, 0]
Copies: [2, 0, 0, 0, 0, 510, 0, 0]

Round: 194
Scores: [22, 0, 0, 0, 0, 228463, 0, 0]
Copies: [1, 0, 0, 0, 0, 511, 0, 0]

Round: 195
Scores: [432, 0, 0, 0, 0, 228247, 0, 0]
Copies: [1, 0, 0, 0, 0, 511, 0, 0]

Round: 196
Scores: [11, 0, 0, 0, 0, 225759, 0, 0]
Copies: [1, 0, 0, 0, 0, 511, 0, 0]

Round: 197
Scores: [14, 0, 0, 0, 0, 229822, 0, 0]
Copies: [1, 0, 0, 0, 0, 511, 0, 0]

Round: 198
Scores: [399, 0, 0, 0, 0, 228151, 0, 0]
Copies: [1, 0, 0, 0, 0, 511, 0, 0]

Round: 199
Scores: [475, 0, 0, 0, 0, 229255, 0, 0]
Copies: [2, 0, 0, 0, 0, 510, 0, 0]

Round: 200
Scores: [845, 0, 0, 0, 0, 227430, 0, 0]
Copies: [2, 0, 0, 0, 0, 510, 0, 0]

Round: 201
Scores: [455, 0, 0, 0, 0, 228561, 0, 0]
Copies: [2, 0, 0, 0, 0, 510, 0, 0]

Round: 202
Scores: [820, 0, 0, 0, 0, 227564, 0, 0]
Copies: [2, 0, 0, 0, 0, 510, 0, 0]

Round: 203
Scores: [459, 0, 0, 0, 0, 228667, 0, 0]
Copies: [2, 0, 0, 0, 0, 510, 0, 0]

Round: 204
Scores: [396, 0, 0, 0, 0, 228348, 0, 0]
Copies: [1, 0, 0, 0, 0, 511, 0, 0]

Round: 205
Scores: [11, 0, 0, 0, 0, 226337, 0, 0]
Copies: [1, 0, 0, 0, 0, 511, 0, 0]

Round: 206
Scores: [469, 0, 0, 0, 0, 228255, 0, 0]
Copies: [2, 0, 0, 0, 0, 510, 0, 0]

Round: 207
Scores: [430, 0, 0, 0, 0, 227073, 0, 0]
Copies: [1, 0, 0, 0, 0, 511, 0, 0]

Round: 208
Scores: [11, 0, 0, 0, 0, 227020, 0, 0]
Copies: [1, 0, 0, 0, 0, 511, 0, 0]

Round: 209
Scores: [406, 0, 0, 0, 0, 228808, 0, 0]
Copies: [1, 0, 0, 0, 0, 511, 0, 0]

Round: 210
Scores: [465, 0, 0, 0, 0, 229694, 0, 0]
Copies: [2, 0, 0, 0, 0, 510, 0, 0]

Round: 211
Scores: [445, 0, 0, 0, 0, 228833, 0, 0]
Copies: [1, 0, 0, 0, 0, 511, 0, 0]

Round: 212
Scores: [493, 0, 0, 0, 0, 228718, 0, 0]
Copies: [2, 0, 0, 0, 0, 510, 0, 0]

Round: 213
Scores: [448, 0, 0, 0, 0, 227256, 0, 0]
Copies: [2, 0, 0, 0, 0, 510, 0, 0]

Round: 214
Scores: [443, 0, 0, 0, 0, 228696, 0, 0]
Copies: [1, 0, 0, 0, 0, 511, 0, 0]

Round: 215
Scores: [126, 0, 0, 0, 0, 227519, 0, 0]
Copies: [1, 0, 0, 0, 0, 511, 0, 0]

Round: 216
Scores: [11, 0, 0, 0, 0, 227118, 0, 0]
Copies: [1, 0, 0, 0, 0, 511, 0, 0]

Round: 217
Scores: [458, 0, 0, 0, 0, 228951, 0, 0]
Copies: [2, 0, 0, 0, 0, 510, 0, 0]

Round: 218
Scores: [412, 0, 0, 0, 0, 227045, 0, 0]
Copies: [1, 0, 0, 0, 0, 511, 0, 0]

Round: 219
Scores: [116, 0, 0, 0, 0, 228959, 0, 0]
Copies: [1, 0, 0, 0, 0, 511, 0, 0]

Round: 220
Scores: [132, 0, 0, 0, 0, 227180, 0, 0]
Copies: [1, 0, 0, 0, 0, 511, 0, 0]

Round: 221
Scores: [11, 0, 0, 0, 0, 228196, 0, 0]
Copies: [1, 0, 0, 0, 0, 511, 0, 0]

Round: 222
Scores: [128, 0, 0, 0, 0, 227473, 0, 0]
Copies: [1, 0, 0, 0, 0, 511, 0, 0]

Round: 223
Scores: [132, 0, 0, 0, 0, 228679, 0, 0]
Copies: [1, 0, 0, 0, 0, 511, 0, 0]

Round: 224
Scores: [469, 0, 0, 0, 0, 229011, 0, 0]
Copies: [2, 0, 0, 0, 0, 510, 0, 0]

Round: 225
Scores: [843, 0, 0, 0, 0, 227229, 0, 0]
Copies: [2, 0, 0, 0, 0, 510, 0, 0]

Round: 226
Scores: [832, 0, 0, 0, 0, 228742, 0, 0]
Copies: [2, 0, 0, 0, 0, 510, 0, 0]

Round: 227
Scores: [503, 0, 0, 0, 0, 226916, 0, 0]
Copies: [2, 0, 0, 0, 0, 510, 0, 0]

Round: 228
Scores: [508, 0, 0, 0, 0, 227996, 0, 0]
Copies: [2, 0, 0, 0, 0, 510, 0, 0]

Round: 229
Scores: [403, 0, 0, 0, 0, 227250, 0, 0]
Copies: [1, 0, 0, 0, 0, 511, 0, 0]

Round: 230
Scores: [11, 0, 0, 0, 0, 227078, 0, 0]
Copies: [1, 0, 0, 0, 0, 511, 0, 0]

Round: 231
Scores: [416, 0, 0, 0, 0, 228151, 0, 0]
Copies: [1, 0, 0, 0, 0, 511, 0, 0]

Round: 232
Scores: [426, 0, 0, 0, 0, 228313, 0, 0]
Copies: [1, 0, 0, 0, 0, 511, 0, 0]

Round: 233
Scores: [430, 0, 0, 0, 0, 227694, 0, 0]
Copies: [1, 0, 0, 0, 0, 511, 0, 0]

Round: 234
Scores: [14, 0, 0, 0, 0, 229995, 0, 0]
Copies: [1, 0, 0, 0, 0, 511, 0, 0]

Round: 235
Scores: [423, 0, 0, 0, 0, 228901, 0, 0]
Copies: [1, 0, 0, 0, 0, 511, 0, 0]

Round: 236
Scores: [11, 0, 0, 0, 0, 227255, 0, 0]
Copies: [1, 0, 0, 0, 0, 511, 0, 0]

Round: 237
Scores: [11, 0, 0, 0, 0, 229551, 0, 0]
Copies: [1, 0, 0, 0, 0, 511, 0, 0]

Round: 238
Scores: [392, 0, 0, 0, 0, 226940, 0, 0]
Copies: [1, 0, 0, 0, 0, 511, 0, 0]

Round: 239
Scores: [11, 0, 0, 0, 0, 229711, 0, 0]
Copies: [1, 0, 0, 0, 0, 511, 0, 0]

Round: 240
Scores: [402, 0, 0, 0, 0, 228377, 0, 0]
Copies: [1, 0, 0, 0, 0, 511, 0, 0]

Round: 241
Scores: [504, 0, 0, 0, 0, 229005, 0, 0]
Copies: [2, 0, 0, 0, 0, 510, 0, 0]

Round: 242
Scores: [964, 0, 0, 0, 0, 227570, 0, 0]
Copies: [3, 0, 0, 0, 0, 509, 0, 0]

Round: 243
Scores: [443, 0, 0, 0, 0, 225761, 0, 0]
Copies: [2, 0, 0, 0, 0, 510, 0, 0]

Round: 244
Scores: [21, 0, 0, 0, 0, 229062, 0, 0]
Copies: [1, 0, 0, 0, 0, 511, 0, 0]

Round: 245
Scores: [11, 0, 0, 0, 0, 230159, 0, 0]
Copies: [1, 0, 0, 0, 0, 511, 0, 0]

Round: 246
Scores: [11, 0, 0, 0, 0, 227637, 0, 0]
Copies: [1, 0, 0, 0, 0, 511, 0, 0]

Round: 247
Scores: [392, 0, 0, 0, 0, 228008, 0, 0]
Copies: [1, 0, 0, 0, 0, 511, 0, 0]

Round: 248
Scores: [11, 0, 0, 0, 0, 228876, 0, 0]
Copies: [1, 0, 0, 0, 0, 511, 0, 0]

Round: 249
Scores: [11, 0, 0, 0, 0, 226899, 0, 0]
Copies: [1, 0, 0, 0, 0, 511, 0, 0]

Round: 250
Scores: [11, 0, 0, 0, 0, 227993, 0, 0]
Copies: [1, 0, 0, 0, 0, 511, 0, 0]

Round: 251
Scores: [11, 0, 0, 0, 0, 227747, 0, 0]
Copies: [1, 0, 0, 0, 0, 511, 0, 0]

Round: 252
Scores: [117, 0, 0, 0, 0, 228862, 0, 0]
Copies: [1, 0, 0, 0, 0, 511, 0, 0]

Round: 253
Scores: [392, 0, 0, 0, 0, 227027, 0, 0]
Copies: [1, 0, 0, 0, 0, 511, 0, 0]

Round: 254
Scores: [14, 0, 0, 0, 0, 229462, 0, 0]
Copies: [1, 0, 0, 0, 0, 511, 0, 0]

Round: 255
Scores: [444, 0, 0, 0, 0, 227764, 0, 0]
Copies: [1, 0, 0, 0, 0, 511, 0, 0]

Round: 256
Scores: [11, 0, 0, 0, 0, 229409, 0, 0]
Copies: [1, 0, 0, 0, 0, 511, 0, 0]

Round: 257
Scores: [446, 0, 0, 0, 0, 227341, 0, 0]
Copies: [2, 0, 0, 0, 0, 510, 0, 0]

